{
  "nbformat": 4,
  "nbformat_minor": 0,
  "metadata": {
    "colab": {
      "name": "KDDProject_NN.ipynb",
      "provenance": [],
      "collapsed_sections": []
    },
    "kernelspec": {
      "name": "python3",
      "display_name": "Python 3"
    },
    "language_info": {
      "name": "python"
    }
  },
  "cells": [
    {
      "cell_type": "code",
      "execution_count": null,
      "metadata": {
        "id": "Yrk-w4KNhdPl"
      },
      "outputs": [],
      "source": [
        "import pandas as pd\n",
        "import numpy as np\n",
        "from tensorflow import keras\n",
        "from tensorflow.keras import layers\n",
        "from sklearn.model_selection import train_test_split\n"
      ]
    },
    {
      "cell_type": "code",
      "source": [
        "url = 'https://raw.githubusercontent.com/Keerat-Grewal/KDD_Project/main/Correct_Dataset.csv'\n",
        "url = 'https://raw.githubusercontent.com/Keerat-Grewal/KDD_Project/main/cardio_train.csv'\n",
        "url = 'https://raw.githubusercontent.com/Keerat-Grewal/KDD_Project/main/heart.csv'\n",
        "# df = pd.read_csv(url, sep=';')\n",
        "df = pd.read_csv(url)\n",
        "df.drop(columns=df.columns[0], axis=1, inplace=True)\n",
        "df.head()\n",
        "df.corr()"
      ],
      "metadata": {
        "id": "WufQVS7khodu",
        "colab": {
          "base_uri": "https://localhost:8080/",
          "height": 457
        },
        "outputId": "bd3da2c1-0814-4e5a-9e90-35bdae839ffd"
      },
      "execution_count": null,
      "outputs": [
        {
          "output_type": "execute_result",
          "data": {
            "text/plain": [
              "               sex        cp  trestbps      chol       fbs   restecg  \\\n",
              "sex       1.000000 -0.049353 -0.056769 -0.197912  0.045032 -0.058196   \n",
              "cp       -0.049353  1.000000  0.047608 -0.076904  0.094444  0.044421   \n",
              "trestbps -0.056769  0.047608  1.000000  0.123174  0.177531 -0.114103   \n",
              "chol     -0.197912 -0.076904  0.123174  1.000000  0.013294 -0.151040   \n",
              "fbs       0.045032  0.094444  0.177531  0.013294  1.000000 -0.084189   \n",
              "restecg  -0.058196  0.044421 -0.114103 -0.151040 -0.084189  1.000000   \n",
              "thalach  -0.044020  0.295762 -0.046698 -0.009940 -0.008567  0.044123   \n",
              "exang     0.141664 -0.394280  0.067616  0.067023  0.025665 -0.070733   \n",
              "oldpeak   0.096093 -0.149230  0.193216  0.053952  0.005747 -0.058770   \n",
              "slope    -0.030711  0.119717 -0.121475 -0.004038 -0.059894  0.093045   \n",
              "ca        0.118261 -0.181053  0.101389  0.070511  0.137979 -0.072042   \n",
              "thal      0.210041 -0.161736  0.062210  0.098803 -0.032019 -0.011981   \n",
              "target   -0.280937  0.433798 -0.144931 -0.085239 -0.028046  0.137230   \n",
              "\n",
              "           thalach     exang   oldpeak     slope        ca      thal    target  \n",
              "sex      -0.044020  0.141664  0.096093 -0.030711  0.118261  0.210041 -0.280937  \n",
              "cp        0.295762 -0.394280 -0.149230  0.119717 -0.181053 -0.161736  0.433798  \n",
              "trestbps -0.046698  0.067616  0.193216 -0.121475  0.101389  0.062210 -0.144931  \n",
              "chol     -0.009940  0.067023  0.053952 -0.004038  0.070511  0.098803 -0.085239  \n",
              "fbs      -0.008567  0.025665  0.005747 -0.059894  0.137979 -0.032019 -0.028046  \n",
              "restecg   0.044123 -0.070733 -0.058770  0.093045 -0.072042 -0.011981  0.137230  \n",
              "thalach   1.000000 -0.378812 -0.344187  0.386784 -0.213177 -0.096439  0.421741  \n",
              "exang    -0.378812  1.000000  0.288223 -0.257748  0.115739  0.206754 -0.436757  \n",
              "oldpeak  -0.344187  0.288223  1.000000 -0.577537  0.222682  0.210244 -0.430696  \n",
              "slope     0.386784 -0.257748 -0.577537  1.000000 -0.080155 -0.104764  0.345877  \n",
              "ca       -0.213177  0.115739  0.222682 -0.080155  1.000000  0.151832 -0.391724  \n",
              "thal     -0.096439  0.206754  0.210244 -0.104764  0.151832  1.000000 -0.344029  \n",
              "target    0.421741 -0.436757 -0.430696  0.345877 -0.391724 -0.344029  1.000000  "
            ],
            "text/html": [
              "\n",
              "  <div id=\"df-138fcd05-b6cd-4332-b136-1758ddf2dc07\">\n",
              "    <div class=\"colab-df-container\">\n",
              "      <div>\n",
              "<style scoped>\n",
              "    .dataframe tbody tr th:only-of-type {\n",
              "        vertical-align: middle;\n",
              "    }\n",
              "\n",
              "    .dataframe tbody tr th {\n",
              "        vertical-align: top;\n",
              "    }\n",
              "\n",
              "    .dataframe thead th {\n",
              "        text-align: right;\n",
              "    }\n",
              "</style>\n",
              "<table border=\"1\" class=\"dataframe\">\n",
              "  <thead>\n",
              "    <tr style=\"text-align: right;\">\n",
              "      <th></th>\n",
              "      <th>sex</th>\n",
              "      <th>cp</th>\n",
              "      <th>trestbps</th>\n",
              "      <th>chol</th>\n",
              "      <th>fbs</th>\n",
              "      <th>restecg</th>\n",
              "      <th>thalach</th>\n",
              "      <th>exang</th>\n",
              "      <th>oldpeak</th>\n",
              "      <th>slope</th>\n",
              "      <th>ca</th>\n",
              "      <th>thal</th>\n",
              "      <th>target</th>\n",
              "    </tr>\n",
              "  </thead>\n",
              "  <tbody>\n",
              "    <tr>\n",
              "      <th>sex</th>\n",
              "      <td>1.000000</td>\n",
              "      <td>-0.049353</td>\n",
              "      <td>-0.056769</td>\n",
              "      <td>-0.197912</td>\n",
              "      <td>0.045032</td>\n",
              "      <td>-0.058196</td>\n",
              "      <td>-0.044020</td>\n",
              "      <td>0.141664</td>\n",
              "      <td>0.096093</td>\n",
              "      <td>-0.030711</td>\n",
              "      <td>0.118261</td>\n",
              "      <td>0.210041</td>\n",
              "      <td>-0.280937</td>\n",
              "    </tr>\n",
              "    <tr>\n",
              "      <th>cp</th>\n",
              "      <td>-0.049353</td>\n",
              "      <td>1.000000</td>\n",
              "      <td>0.047608</td>\n",
              "      <td>-0.076904</td>\n",
              "      <td>0.094444</td>\n",
              "      <td>0.044421</td>\n",
              "      <td>0.295762</td>\n",
              "      <td>-0.394280</td>\n",
              "      <td>-0.149230</td>\n",
              "      <td>0.119717</td>\n",
              "      <td>-0.181053</td>\n",
              "      <td>-0.161736</td>\n",
              "      <td>0.433798</td>\n",
              "    </tr>\n",
              "    <tr>\n",
              "      <th>trestbps</th>\n",
              "      <td>-0.056769</td>\n",
              "      <td>0.047608</td>\n",
              "      <td>1.000000</td>\n",
              "      <td>0.123174</td>\n",
              "      <td>0.177531</td>\n",
              "      <td>-0.114103</td>\n",
              "      <td>-0.046698</td>\n",
              "      <td>0.067616</td>\n",
              "      <td>0.193216</td>\n",
              "      <td>-0.121475</td>\n",
              "      <td>0.101389</td>\n",
              "      <td>0.062210</td>\n",
              "      <td>-0.144931</td>\n",
              "    </tr>\n",
              "    <tr>\n",
              "      <th>chol</th>\n",
              "      <td>-0.197912</td>\n",
              "      <td>-0.076904</td>\n",
              "      <td>0.123174</td>\n",
              "      <td>1.000000</td>\n",
              "      <td>0.013294</td>\n",
              "      <td>-0.151040</td>\n",
              "      <td>-0.009940</td>\n",
              "      <td>0.067023</td>\n",
              "      <td>0.053952</td>\n",
              "      <td>-0.004038</td>\n",
              "      <td>0.070511</td>\n",
              "      <td>0.098803</td>\n",
              "      <td>-0.085239</td>\n",
              "    </tr>\n",
              "    <tr>\n",
              "      <th>fbs</th>\n",
              "      <td>0.045032</td>\n",
              "      <td>0.094444</td>\n",
              "      <td>0.177531</td>\n",
              "      <td>0.013294</td>\n",
              "      <td>1.000000</td>\n",
              "      <td>-0.084189</td>\n",
              "      <td>-0.008567</td>\n",
              "      <td>0.025665</td>\n",
              "      <td>0.005747</td>\n",
              "      <td>-0.059894</td>\n",
              "      <td>0.137979</td>\n",
              "      <td>-0.032019</td>\n",
              "      <td>-0.028046</td>\n",
              "    </tr>\n",
              "    <tr>\n",
              "      <th>restecg</th>\n",
              "      <td>-0.058196</td>\n",
              "      <td>0.044421</td>\n",
              "      <td>-0.114103</td>\n",
              "      <td>-0.151040</td>\n",
              "      <td>-0.084189</td>\n",
              "      <td>1.000000</td>\n",
              "      <td>0.044123</td>\n",
              "      <td>-0.070733</td>\n",
              "      <td>-0.058770</td>\n",
              "      <td>0.093045</td>\n",
              "      <td>-0.072042</td>\n",
              "      <td>-0.011981</td>\n",
              "      <td>0.137230</td>\n",
              "    </tr>\n",
              "    <tr>\n",
              "      <th>thalach</th>\n",
              "      <td>-0.044020</td>\n",
              "      <td>0.295762</td>\n",
              "      <td>-0.046698</td>\n",
              "      <td>-0.009940</td>\n",
              "      <td>-0.008567</td>\n",
              "      <td>0.044123</td>\n",
              "      <td>1.000000</td>\n",
              "      <td>-0.378812</td>\n",
              "      <td>-0.344187</td>\n",
              "      <td>0.386784</td>\n",
              "      <td>-0.213177</td>\n",
              "      <td>-0.096439</td>\n",
              "      <td>0.421741</td>\n",
              "    </tr>\n",
              "    <tr>\n",
              "      <th>exang</th>\n",
              "      <td>0.141664</td>\n",
              "      <td>-0.394280</td>\n",
              "      <td>0.067616</td>\n",
              "      <td>0.067023</td>\n",
              "      <td>0.025665</td>\n",
              "      <td>-0.070733</td>\n",
              "      <td>-0.378812</td>\n",
              "      <td>1.000000</td>\n",
              "      <td>0.288223</td>\n",
              "      <td>-0.257748</td>\n",
              "      <td>0.115739</td>\n",
              "      <td>0.206754</td>\n",
              "      <td>-0.436757</td>\n",
              "    </tr>\n",
              "    <tr>\n",
              "      <th>oldpeak</th>\n",
              "      <td>0.096093</td>\n",
              "      <td>-0.149230</td>\n",
              "      <td>0.193216</td>\n",
              "      <td>0.053952</td>\n",
              "      <td>0.005747</td>\n",
              "      <td>-0.058770</td>\n",
              "      <td>-0.344187</td>\n",
              "      <td>0.288223</td>\n",
              "      <td>1.000000</td>\n",
              "      <td>-0.577537</td>\n",
              "      <td>0.222682</td>\n",
              "      <td>0.210244</td>\n",
              "      <td>-0.430696</td>\n",
              "    </tr>\n",
              "    <tr>\n",
              "      <th>slope</th>\n",
              "      <td>-0.030711</td>\n",
              "      <td>0.119717</td>\n",
              "      <td>-0.121475</td>\n",
              "      <td>-0.004038</td>\n",
              "      <td>-0.059894</td>\n",
              "      <td>0.093045</td>\n",
              "      <td>0.386784</td>\n",
              "      <td>-0.257748</td>\n",
              "      <td>-0.577537</td>\n",
              "      <td>1.000000</td>\n",
              "      <td>-0.080155</td>\n",
              "      <td>-0.104764</td>\n",
              "      <td>0.345877</td>\n",
              "    </tr>\n",
              "    <tr>\n",
              "      <th>ca</th>\n",
              "      <td>0.118261</td>\n",
              "      <td>-0.181053</td>\n",
              "      <td>0.101389</td>\n",
              "      <td>0.070511</td>\n",
              "      <td>0.137979</td>\n",
              "      <td>-0.072042</td>\n",
              "      <td>-0.213177</td>\n",
              "      <td>0.115739</td>\n",
              "      <td>0.222682</td>\n",
              "      <td>-0.080155</td>\n",
              "      <td>1.000000</td>\n",
              "      <td>0.151832</td>\n",
              "      <td>-0.391724</td>\n",
              "    </tr>\n",
              "    <tr>\n",
              "      <th>thal</th>\n",
              "      <td>0.210041</td>\n",
              "      <td>-0.161736</td>\n",
              "      <td>0.062210</td>\n",
              "      <td>0.098803</td>\n",
              "      <td>-0.032019</td>\n",
              "      <td>-0.011981</td>\n",
              "      <td>-0.096439</td>\n",
              "      <td>0.206754</td>\n",
              "      <td>0.210244</td>\n",
              "      <td>-0.104764</td>\n",
              "      <td>0.151832</td>\n",
              "      <td>1.000000</td>\n",
              "      <td>-0.344029</td>\n",
              "    </tr>\n",
              "    <tr>\n",
              "      <th>target</th>\n",
              "      <td>-0.280937</td>\n",
              "      <td>0.433798</td>\n",
              "      <td>-0.144931</td>\n",
              "      <td>-0.085239</td>\n",
              "      <td>-0.028046</td>\n",
              "      <td>0.137230</td>\n",
              "      <td>0.421741</td>\n",
              "      <td>-0.436757</td>\n",
              "      <td>-0.430696</td>\n",
              "      <td>0.345877</td>\n",
              "      <td>-0.391724</td>\n",
              "      <td>-0.344029</td>\n",
              "      <td>1.000000</td>\n",
              "    </tr>\n",
              "  </tbody>\n",
              "</table>\n",
              "</div>\n",
              "      <button class=\"colab-df-convert\" onclick=\"convertToInteractive('df-138fcd05-b6cd-4332-b136-1758ddf2dc07')\"\n",
              "              title=\"Convert this dataframe to an interactive table.\"\n",
              "              style=\"display:none;\">\n",
              "        \n",
              "  <svg xmlns=\"http://www.w3.org/2000/svg\" height=\"24px\"viewBox=\"0 0 24 24\"\n",
              "       width=\"24px\">\n",
              "    <path d=\"M0 0h24v24H0V0z\" fill=\"none\"/>\n",
              "    <path d=\"M18.56 5.44l.94 2.06.94-2.06 2.06-.94-2.06-.94-.94-2.06-.94 2.06-2.06.94zm-11 1L8.5 8.5l.94-2.06 2.06-.94-2.06-.94L8.5 2.5l-.94 2.06-2.06.94zm10 10l.94 2.06.94-2.06 2.06-.94-2.06-.94-.94-2.06-.94 2.06-2.06.94z\"/><path d=\"M17.41 7.96l-1.37-1.37c-.4-.4-.92-.59-1.43-.59-.52 0-1.04.2-1.43.59L10.3 9.45l-7.72 7.72c-.78.78-.78 2.05 0 2.83L4 21.41c.39.39.9.59 1.41.59.51 0 1.02-.2 1.41-.59l7.78-7.78 2.81-2.81c.8-.78.8-2.07 0-2.86zM5.41 20L4 18.59l7.72-7.72 1.47 1.35L5.41 20z\"/>\n",
              "  </svg>\n",
              "      </button>\n",
              "      \n",
              "  <style>\n",
              "    .colab-df-container {\n",
              "      display:flex;\n",
              "      flex-wrap:wrap;\n",
              "      gap: 12px;\n",
              "    }\n",
              "\n",
              "    .colab-df-convert {\n",
              "      background-color: #E8F0FE;\n",
              "      border: none;\n",
              "      border-radius: 50%;\n",
              "      cursor: pointer;\n",
              "      display: none;\n",
              "      fill: #1967D2;\n",
              "      height: 32px;\n",
              "      padding: 0 0 0 0;\n",
              "      width: 32px;\n",
              "    }\n",
              "\n",
              "    .colab-df-convert:hover {\n",
              "      background-color: #E2EBFA;\n",
              "      box-shadow: 0px 1px 2px rgba(60, 64, 67, 0.3), 0px 1px 3px 1px rgba(60, 64, 67, 0.15);\n",
              "      fill: #174EA6;\n",
              "    }\n",
              "\n",
              "    [theme=dark] .colab-df-convert {\n",
              "      background-color: #3B4455;\n",
              "      fill: #D2E3FC;\n",
              "    }\n",
              "\n",
              "    [theme=dark] .colab-df-convert:hover {\n",
              "      background-color: #434B5C;\n",
              "      box-shadow: 0px 1px 3px 1px rgba(0, 0, 0, 0.15);\n",
              "      filter: drop-shadow(0px 1px 2px rgba(0, 0, 0, 0.3));\n",
              "      fill: #FFFFFF;\n",
              "    }\n",
              "  </style>\n",
              "\n",
              "      <script>\n",
              "        const buttonEl =\n",
              "          document.querySelector('#df-138fcd05-b6cd-4332-b136-1758ddf2dc07 button.colab-df-convert');\n",
              "        buttonEl.style.display =\n",
              "          google.colab.kernel.accessAllowed ? 'block' : 'none';\n",
              "\n",
              "        async function convertToInteractive(key) {\n",
              "          const element = document.querySelector('#df-138fcd05-b6cd-4332-b136-1758ddf2dc07');\n",
              "          const dataTable =\n",
              "            await google.colab.kernel.invokeFunction('convertToInteractive',\n",
              "                                                     [key], {});\n",
              "          if (!dataTable) return;\n",
              "\n",
              "          const docLinkHtml = 'Like what you see? Visit the ' +\n",
              "            '<a target=\"_blank\" href=https://colab.research.google.com/notebooks/data_table.ipynb>data table notebook</a>'\n",
              "            + ' to learn more about interactive tables.';\n",
              "          element.innerHTML = '';\n",
              "          dataTable['output_type'] = 'display_data';\n",
              "          await google.colab.output.renderOutput(dataTable, element);\n",
              "          const docLink = document.createElement('div');\n",
              "          docLink.innerHTML = docLinkHtml;\n",
              "          element.appendChild(docLink);\n",
              "        }\n",
              "      </script>\n",
              "    </div>\n",
              "  </div>\n",
              "  "
            ]
          },
          "metadata": {},
          "execution_count": 2
        }
      ]
    },
    {
      "cell_type": "code",
      "source": [
        "def my_train_test_split(X,y,test_frac=0.5):\n",
        "  inxs = list(range(len(y)))\n",
        "  n = len(inxs)\n",
        "  nTest=int(test_frac*n)\n",
        "  np.random.shuffle(inxs)\n",
        "  X = X.iloc[inxs,:]\n",
        "  y = y.iloc[inxs]\n",
        "  Xtrain,ytrain,Xtest,ytest = X[:n-nTest], y[:n-nTest], X[n-nTest:], y[n-nTest:]\n",
        "  return np.asarray(Xtrain).astype(np.float32),np.asarray(ytrain).astype(np.float32),np.asarray(Xtest).astype(np.float32),np.asarray(ytest).astype(np.float32)\n",
        "def clean_data(df):\n",
        "  cols = list(df.columns)\n",
        "  for col in cols:\n",
        "    df = df[df[col] != \"?\"]\n",
        "  return df\n",
        "\n",
        "df = clean_data(df).astype(np.float32)\n",
        "# dataY = df[\"Target\"]\n",
        "# dataX = df.drop([\"Target\"], axis=1)\n",
        "dataY = df[\"target\"]\n",
        "dataX = df.drop([\"target\"], axis=1)\n",
        "print(dataY)\n",
        "dataX.head()\n",
        "means = dataX.mean()\n",
        "sds = dataX.std()\n",
        "dataX = dataX.apply(lambda x: (x-means)/sds,axis=1)\n"
      ],
      "metadata": {
        "colab": {
          "base_uri": "https://localhost:8080/"
        },
        "id": "FR4u1GxUj3S-",
        "outputId": "b4d74b25-3dc0-4571-a0dd-bd6bcfca3219"
      },
      "execution_count": null,
      "outputs": [
        {
          "output_type": "stream",
          "name": "stdout",
          "text": [
            "0      1.0\n",
            "1      1.0\n",
            "2      1.0\n",
            "3      1.0\n",
            "4      1.0\n",
            "      ... \n",
            "298    0.0\n",
            "299    0.0\n",
            "300    0.0\n",
            "301    0.0\n",
            "302    0.0\n",
            "Name: target, Length: 303, dtype: float32\n"
          ]
        }
      ]
    },
    {
      "cell_type": "code",
      "source": [
        "np.asarray(dataX).astype(np.float32)"
      ],
      "metadata": {
        "colab": {
          "base_uri": "https://localhost:8080/"
        },
        "id": "RFARDQ0-uFRQ",
        "outputId": "74f9c485-e518-4fb3-f24f-333ed409cfc3"
      },
      "execution_count": null,
      "outputs": [
        {
          "output_type": "execute_result",
          "data": {
            "text/plain": [
              "array([[ 0.6798795 ,  1.9698625 ,  0.76269394, ..., -2.270823  ,\n",
              "        -0.71324897, -2.1453238 ],\n",
              "       [ 0.6798795 ,  1.0009204 , -0.09258471, ..., -2.270823  ,\n",
              "        -0.71324897, -0.5120748 ],\n",
              "       [-1.46599   ,  0.03197826, -0.09258471, ...,  0.9747401 ,\n",
              "        -0.71324897, -0.5120748 ],\n",
              "       ...,\n",
              "       [ 0.6798795 , -0.9369638 ,  0.70567536, ..., -0.6480414 ,\n",
              "         1.2425377 ,  1.1211741 ],\n",
              "       [ 0.6798795 , -0.9369638 , -0.09258471, ..., -0.6480414 ,\n",
              "         0.26464444,  1.1211741 ],\n",
              "       [-1.46599   ,  0.03197826, -0.09258471, ..., -0.6480414 ,\n",
              "         0.26464444, -0.5120748 ]], dtype=float32)"
            ]
          },
          "metadata": {},
          "execution_count": 32
        }
      ]
    },
    {
      "cell_type": "code",
      "source": [
        "Xtrain, ytrain, Xtest, ytest = my_train_test_split(dataX, dataY, test_frac=0.2)\n",
        "input_shape = Xtrain[0].shape\n",
        "input_shape"
      ],
      "metadata": {
        "colab": {
          "base_uri": "https://localhost:8080/"
        },
        "id": "OBiYH9PGkuKc",
        "outputId": "0536ca4d-ec08-410e-84c7-8550a02e963b"
      },
      "execution_count": null,
      "outputs": [
        {
          "output_type": "execute_result",
          "data": {
            "text/plain": [
              "(12,)"
            ]
          },
          "metadata": {},
          "execution_count": 33
        }
      ]
    },
    {
      "cell_type": "code",
      "source": [
        "dataY.value_counts()"
      ],
      "metadata": {
        "colab": {
          "base_uri": "https://localhost:8080/"
        },
        "id": "qbDFbr_mmYq5",
        "outputId": "d58e2330-d664-4cf8-e357-6977b5e68477"
      },
      "execution_count": null,
      "outputs": [
        {
          "output_type": "execute_result",
          "data": {
            "text/plain": [
              "1.0    165\n",
              "0.0    138\n",
              "Name: target, dtype: int64"
            ]
          },
          "metadata": {},
          "execution_count": 34
        }
      ]
    },
    {
      "cell_type": "code",
      "source": [
        "input = layers.Input(shape=input_shape)\n",
        "x = layers.Dense(512, activation=\"relu\")(input)\n",
        "x = layers.Dense(64)(x)\n",
        "x = layers.Dense(16)(x)\n",
        "outputs = layers.Dense(5)(x)\n",
        "model = keras.Model(inputs=input, outputs=outputs, name=\"heart_disease_predictor\")\n",
        "keras.utils.plot_model(model, show_shapes=True)"
      ],
      "metadata": {
        "colab": {
          "base_uri": "https://localhost:8080/",
          "height": 533
        },
        "id": "TW5R3PwXlAew",
        "outputId": "809711cf-9dc2-407b-f0cf-49f5b4112b59"
      },
      "execution_count": null,
      "outputs": [
        {
          "output_type": "execute_result",
          "data": {
            "text/plain": [
              "<IPython.core.display.Image object>"
            ],
